19900101 169765865
19900102 298358598
19900103 89672696
19900104 9695061
19900105 255509553
19900106 190199103
19900107 25400776
19900108 170140927
19900109 214169188
19900110 15512692
19900111 4119121
19900112 76307182
19900113 3953280
19900114 378607876
19900115 84328815
19900116 3980145
19900117 2529974
19900118 3018165
19900119 212810021
19900120 68509106
19900121 3157320
19900122 58676806
19900123 97105074
19900124 123832271
19900125 74062895
19900126 437447176
19900127 88411405
19900128 46184014
19900129 270188091
19900130 73241530
19900131 124993161
19900201 36986323
19900202 29989805
19900203 30582485
19900204 9775957
19900205 197121274
19900206 78431294
19900207 122076682
19900208 67489988
19900209 3147079
19900210 31920417
19900211 14758375
19900212 39286272
19900213 75095770
19900214 12634204
19900215 69664989
19900216 94257995
19900217 89795491
19900218 2656664
19900219 98449527
19900220 161149290
19900221 213714265
19900222 32688237
19900223 87175378
19900224 20132686
19900225 11345632
19900226 4244854
19900227 7255314
19900228 23177481
19900301 55835927
19900302 88065851
19900303 4157169
19900304 179814100
19900305 12703547
19900306 11343515
19900307 11880390
19900308 365277623
19900309 38770501
19900310 64640061
19900311 91157137
19900312 465292401
19900313 81743686
19900314 67984716
19900315 170345568
19900316 6635255
19900317 372764647
19900318 155046755
19900319 66105694
19900320 320505843
19900321 24398212
19900322 188233647
19900323 75670998
19900324 104335537
19900325 105235169
19900326 90635119
19900327 7421690
19900328 109315370
19900329 44905295
19900330 8956309
19900331 141162320
19900401 84918969
19900402 323580
19900403 53970253
19900404 27456550
19900405 10665726
19900406 94603837
19900407 476697727
19900408 210789919
19900409 258462694
19900410 24253097
19900411 696579122
19900412 358968909
19900413 52355138
19900414 67744426
19900415 122664575
19900416 112701100
19900417 267623583
19900418 1682605
19900419 69298879
19900420 18806221
19900421 39331570
19900422 48626488
19900423 72789023
19900424 158454077
19900425 2403455
19900426 83529632
19900427 6926113
19900428 124519171
19900429 56830672
19900430 36342884
19900501 437284542
19900502 8477557
19900503 106486389
19900504 29694720
19900505 22075732
19900506 66658683
19900507 74660306
19900508 70617466
19900509 29823194
19900510 182381570
19900511 119707
19900512 9643529
19900513 260478526
19900514 33629500
19900515 47615340
19900516 28408991
19900517 275256
19900518 49678495
19900519 21120145
19900520 254732616
19900521 10738890
19900522 56403211
19900523 107856396
19900524 442395514
19900525 224133517
19900526 34986180
19900527 341864776
19900528 8840789
19900529 454251
19900530 46728951
19900531 22409750
19900601 169319595
19900602 64991744
19900603 33232271
19900604 35316968
19900605 28457381
19900606 95418738
19900607 25373943
19900608 51438187
19900609 54612563
19900610 195266132
19900611 5754825
19900612 61355703
19900613 155316786
19900614 137846526
19900615 102359624
19900616 167667229
19900617 137116105
19900618 167821468
19900619 71831940
19900620 161994684
19900621 5679566
19900622 29273848
19900623 34208936
19900624 35141803
19900625 218172273
19900626 16853550
19900627 82731385
19900628 82599333
19900629 129894149
19900630 480150159
19900701 134467369
19900702 241400024
19900703 125182307
19900704 13881526
19900705 81116796
19900706 64995466
19900707 28342911
19900708 97252410
19900709 47516721
19900710 223967339
19900711 83965367
19900712 153318691
19900713 58574486
19900714 97455419
19900715 136352995
19900716 135517918
19900717 24836144
19900718 144648259
19900719 45223703
19900720 85411762
19900721 20065778
19900722 172498459
19900723 395960193
19900724 241065574
19900725 2399236
19900726 141348286
19900727 20712282
19900728 137258776
19900729 100590076
19900730 29519115
19900731 229397873
19900801 7053373
19900802 105199089
19900803 37053867
19900804 274186447
19900805 68393254
19900806 31663105
19900807 27431432
19900808 34695958
19900809 183264932
19900810 63262966
19900811 92935299
19900812 53233428
19900813 162928325
19900814 117893273
19900815 49168945
19900816 150666740
19900817 40231817
19900818 9971436
19900819 75643324
19900820 44118894
19900821 61566115
19900822 125093295
19900823 53286090
19900824 135261369
19900825 19244221
19900826 448905416
19900827 65566009
19900828 143084274
19900829 233858312
19900830 23708542
19900831 25403701
19900901 175040411
19900902 85037582
19900903 144752925
19900904 210565597
19900905 9869301
19900906 72926769
19900907 149947100
19900908 13439373
19900909 56410269
19900910 28819711
19900911 174959786
19900912 19546789
19900913 99526578
19900914 185379314
19900915 34508633
19900916 88320744
19900917 19163876
19900918 231824896
19900919 45725172
19900920 56895871
19900921 51884732
19900922 145366172
19900923 42244698
19900924 271897389
19900925 645026067
19900926 162971939
19900927 179696583
19900928 48786757
19900929 202405275
19900930 30364208
19901001 75179000
19901002 28098549
19901003 176617252
19901004 147695944
19901005 355827622
19901006 69940176
19901007 22401045
19901008 12208008
19901009 269661352
19901010 1026174
19901011 65540619
19901012 285339665
19901013 185483627
19901014 55999612
19901015 90634616
19901016 38948661
19901017 5712638
19901018 93274967
19901019 64173960
19901020 49871815
19901021 37062055
19901022 67638332
19901023 130637558
19901024 13672315
19901025 23363694
19901026 13516549
19901027 31422269
19901028 24289132
19901029 52707761
19901030 95151134
19901031 207409888
19901101 46226585
19901102 46053702
19901103 267652187
19901104 39185133
19901105 24347082
19901106 160428720
19901107 217596213
19901108 102679580
19901109 15798965
19901110 31337088
19901111 5761345
19901112 187182789
19901113 183894088
19901114 164603226
19901115 11495997
19901116 5480651
19901117 249615939
19901118 58808273
19901119 2528238
19901120 171712813
19901121 145847431
19901122 37722250
19901123 134423918
19901124 5416007
19901125 5642934
19901126 21771889
19901127 167493612
19901128 47595371
19901129 96537006
19901130 18021816
19901201 3486238
19901202 22879819
19901203 48657991
19901204 324244845
19901205 32255373
19901206 43571636
19901207 94897047
19901208 207445347
19901209 52958143
19901210 20497888
19901211 57142916
19901212 21135980
19901213 21006463
19901214 129359844
19901215 2497045
19901216 166563748
19901217 78293496
19901218 22944660
19901219 24001077
19901220 261500929
19901221 7077944
19901222 76223094
19901223 50185408
19901224 38312748
19901225 52392932
19901226 164877400
19901227 68645371
19901228 81087019
19901229 32377861
19901230 154162204
19901231 17688217
19910101 28147414
19910102 121261325
19910103 43510061
19910104 14849730
19910105 111168477
19910106 80317862
19910107 84606933
19910108 50283634
19910109 3864538
19910110 11333619
19910111 159411963
19910112 36115440
19910113 71864339
19910114 35365879
19910115 141173179
19910116 88890046
19910117 116973674
19910118 219520710
19910119 108070055
19910120 95979737
19910121 96520134
19910122 148983328
19910123 1264920
19910124 171400966
19910125 2284368
19910126 28651539
19910127 56576801
19910128 15825067
19910129 63335108
19910130 99874794
19910131 254133333
19910201 123452701
19910202 89038025
19910203 78769776
19910204 81143246
19910205 27464868
19910206 69952604
19910207 228010998
19910208 54403211
19910209 372018
19910210 102039591
19910211 49174194
19910212 260853255
19910213 68697129
19910214 5663151
19910215 18602309
19910216 215258445
19910217 77253174
19910218 24264891
19910219 33363318
19910220 180565993
19910221 24324325
19910222 38977790
19910223 208923127
19910224 417559702
19910225 74997701
19910226 22387451
19910227 1296543
19910228 46359456
19910301 9935973
19910302 78473235
19910303 3052429
19910304 107928383
19910305 37695539
19910306 146297089
19910307 14737439
19910308 128725438
19910309 388085
19910310 169188143
19910311 98034500
19910312 52486686
19910313 22032816
19910314 44885276
19910315 4953239
19910316 243722797
19910317 177259747
19910318 39243614
19910319 153158242
19910320 1470551
19910321 35208734
19910322 13449467
19910323 18347806
19910324 156164697
19910325 151499148
19910326 185363218
19910327 22726609
19910328 45487036
19910329 13714496
19910330 77587266
19910331 58256933
19910401 115506192
19910402 57989587
19910403 8355
19910404 17255419
19910405 138575415
19910406 220426234
19910407 192608084
19910408 29123368
19910409 40076748
19910410 192724538
19910411 56643216
19910412 83498642
19910413 26906766
19910414 5675492
19910415 34842541
19910416 116946029
19910417 388091729
19910418 69493463
19910419 76318993
19910420 7312882
19910421 59555074
19910422 62471353
19910423 42820418
19910424 198582809
19910425 82096194
19910426 20786096
19910427 225910512
19910428 69223725
19910429 147471968
19910430 37225098
19910501 67457483
19910502 38494072
19910503 9390998
19910504 166970553
19910505 20096423
19910506 58897165
19910507 23823858
19910508 128785619
19910509 301232730
19910510 51853441
19910511 12092014
19910512 38901399
19910513 14977854
19910514 385326885
19910515 100790859
19910516 36354616
19910517 62510450
19910518 56119688
19910519 68494332
19910520 56286596
19910521 29153240
19910522 45805233
19910523 54320099
19910524 18765849
19910525 21408238
19910526 90886089
19910527 11693560
19910528 178740546
19910529 206626154
19910530 136031304
19910531 221847732
19910601 21011529
19910602 54927036
19910603 158319306
19910604 64148631
19910605 139015161
19910606 136270590
19910607 130469252
19910608 36158560
19910609 316517788
19910610 122665757
19910611 101686417
19910612 400307628
19910613 76746943
19910614 83719866
19910615 91577757
19910616 94404196
19910617 29918259
19910618 127115867
19910619 136203101
19910620 272411582
19910621 346768369
19910622 168010817
19910623 73323798
19910624 76635705
19910625 19116954
19910626 168978
19910627 2561386
19910628 32057081
19910629 44080894
19910630 15567637
19910701 11047546
19910702 14251507
19910703 121715306
19910704 23128335
19910705 56273931
19910706 61004394
19910707 129087632
19910708 27553301
19910709 243905894
19910710 81633970
19910711 195257657
19910712 132357810
19910713 4902637
19910714 91282480
19910715 86832512
19910716 205169909
19910717 187357806
19910718 178913573
19910719 140539149
19910720 191556645
19910721 196722648
19910722 49998947
19910723 8776204
19910724 4496394
19910725 80489977
19910726 142721819
19910727 4291448
19910728 125843494
19910729 26072996
19910730 338616284
19910731 10364955
19910801 100558627
19910802 240439630
19910803 75110863
19910804 10148377
19910805 30713591
19910806 36228261
19910807 47741224
19910808 105137936
19910809 5541406
19910810 36379085
19910811 51227602
19910812 27758524
19910813 65378066
19910814 304629141
19910815 74345951
19910816 65239514
19910817 5968113
19910818 58641882
19910819 148431532
19910820 315061027
19910821 189173240
19910822 14759365
19910823 57690805
19910824 61993094
19910825 58658447
19910826 70001559
19910827 118937566
19910828 42600999
19910829 5665114
19910830 81867330
19910831 154637236
19910901 66470430
19910902 173533044
19910903 9125710
19910904 117072666
19910905 5444964
19910906 43678453
19910907 111392861
19910908 166853986
19910909 205691250
19910910 91734141
19910911 10451874
19910912 60380492
19910913 86957885
19910914 84102902
19910915 21299629
19910916 70725618
19910917 30051178
19910918 394401731
19910919 3256718
19910920 67777183
19910921 43852015
19910922 98506247
19910923 113045853
19910924 9580435
19910925 23854748
19910926 170065360
19910927 42171599
19910928 79351255
19910929 102069778
19910930 76726242
19911001 18601256
19911002 121710480
19911003 34541345
19911004 165153366
19911005 127877777
19911006 143437546
19911007 95913647
19911008 96445939
19911009 53072920
19911010 174181781
19911011 11007549
19911012 140507287
19911013 57397272
19911014 167935225
19911015 378414707
19911016 84937842
19911017 26034560
19911018 49141226
19911019 89231196
19911020 24526583
19911021 87099119
19911022 184223753
19911023 422722632
19911024 27149106
19911025 288388061
19911026 16599147
19911027 15294797
19911028 99941053
19911029 118144053
19911030 24202400
19911031 170163272
19911101 8547336
19911102 69582830
19911103 48567165
19911104 79297942
19911105 59953671
19911106 15367532
19911107 46358071
19911108 28918609
19911109 15911636
19911110 77521068
19911111 226574404
19911112 308150886
19911113 194186238
19911114 34491842
19911115 67258484
19911116 57407383
19911117 336079342
19911118 40983580
19911119 176622873
19911120 110584282
19911121 14420014
19911122 427482607
19911123 312213993
19911124 29582504
19911125 65857878
19911126 11375845
19911127 15679851
19911128 264619546
19911129 262492213
19911130 71466840
19911201 729850765
19911202 20176348
19911203 101235000
19911204 141629921
19911205 298994457
19911206 259253020
19911207 85253287
19911208 11215733
19911209 69423900
19911210 111854537
19911211 34522583
19911212 118683022
19911213 1254536
19911214 137024427
19911215 98760882
19911216 85681249
19911217 84818093
19911218 26445839
19911219 74810745
19911220 177208251
19911221 26265500
19911222 35885609
19911223 55148496
19911224 111533375
19911225 43570664
19911226 46520616
19911227 72349068
19911228 2436704
19911229 298927882
19911230 27519984
19911231 1721514
19920101 96445270
19920102 14193266
19920103 273017217
19920104 85946418
19920105 104676750
19920106 2033684
19920107 20273265
19920108 180483866
19920109 236810780
19920110 32710199
19920111 71286242
19920112 11668600
19920113 112797768
19920114 47310708
19920115 821459
19920116 70661563
19920117 58584804
19920118 224373410
19920119 88598290
19920120 127799569
19920121 195015834
19920122 172513433
19920123 15210371
19920124 1203814
19920125 107981625
19920126 3576054
19920127 121204266
19920128 367846085
19920129 30862134
19920130 113647053
19920131 28853490
19920201 424876523
19920202 346244908
19920203 157618724
19920204 84673275
19920205 45556588
19920206 85985750
19920207 33482676
19920208 63215518
19920209 101457663
19920210 36850001
19920211 9027282
19920212 59129776
19920213 112835458
19920214 402066952
19920215 7418485
19920216 37827771
19920217 44732210
19920218 19580771
19920219 72772185
19920220 69763957
19920221 172748748
19920222 248344040
19920223 90056770
19920224 432937563
19920225 25284149
19920226 78164361
19920227 30989086
19920228 10262804
19920229 57202622
19920301 649227454
19920302 111371904
19920303 34943558
19920304 55379760
19920305 19425315
19920306 71538244
19920307 66647598
19920308 122120018
19920309 131892011
19920310 51567502
19920311 75986312
19920312 20921786
19920313 17302844
19920314 126632383
19920315 22090103
19920316 86252465
19920317 163508581
19920318 199190164
19920319 4387840
19920320 190335146
19920321 71049061
19920322 318283778
19920323 149826780
19920324 86424501
19920325 153725925
19920326 25963095
19920327 1168075
19920328 72508916
19920329 157105156
19920330 30393264
19920331 220417135
19920401 9944466
19920402 104839037
19920403 3910472
19920404 37758830
19920405 2383783
19920406 54994448
19920407 346934273
19920408 52230216
19920409 172962547
19920410 49915655
19920411 181388795
19920412 131380370
19920413 216064245
19920414 5829182
19920415 58338986
19920416 569679
19920417 28955521
19920418 17654738
19920419 61903100
19920420 65764442
19920421 109663339
19920422 39038364
19920423 78196998
19920424 55596194
19920425 57918888
19920426 108997410
19920427 171265208
19920428 136273068
19920429 256631133
19920430 199719463
19920501 126808871
19920502 189645994
19920503 39762859
19920504 145971748
19920505 12286773
19920506 28757670
19920507 36877214
19920508 226526282
19920509 45250409
19920510 81378787
19920511 185446379
19920512 3417625
19920513 90550405
19920514 200847464
19920515 82310002
19920516 85713502
19920517 128670103
19920518 141014334
19920519 15876634
19920520 184184835
19920521 191414886
19920522 131674969
19920523 195512279
19920524 348106937
19920525 92524390
19920526 156760331
19920527 39991429
19920528 11750693
19920529 63216443
19920530 128024743
19920531 70483095
19920601 83570157
19920602 153595863
19920603 30922806
19920604 43650426
19920605 134193738
19920606 105150123
19920607 210236422
19920608 114865927
19920609 271165794
19920610 284641870
19920611 322863558
19920612 6853341
19920613 7802012
19920614 485826128
19920615 28319233
19920616 168842221
19920617 18706536
19920618 52301281
19920619 363180121
19920620 238574135
19920621 24155503
19920622 175409967
19920623 60393904
19920624 83751418
19920625 176907984
19920626 202598296
19920627 23884238
19920628 45909599
19920629 50679313
19920630 9956769
19920701 357411091
19920702 95893288
19920703 30302721
19920704 17011962
19920705 112802239
19920706 44881627
19920707 231597068
19920708 244835327
19920709 23292691
19920710 89867928
19920711 199791804
19920712 440269340
19920713 50990352
19920714 126065733
19920715 81590552
19920716 54668031
19920717 8907121
19920718 151810438
19920719 29820595
19920720 5691379
19920721 185726156
19920722 110701311
19920723 420452877
19920724 117862505
19920725 120966277
19920726 206671473
19920727 20682810
19920728 279205400
19920729 179953308
19920730 73111921
19920731 98147042
19920801 163235503
19920802 37429207
19920803 332664210
19920804 26273025
19920805 25705254
19920806 187949206
19920807 45490797
19920808 138687987
19920809 44042756
19920810 634003
19920811 4304673
19920812 204178564
19920813 27879521
19920814 30129145
19920815 247368851
19920816 218075
19920817 151919427
19920818 7130795
19920819 9930182
19920820 6578953
19920821 4358428
19920822 170407786
19920823 417808
19920824 116904411
19920825 109259299
19920826 301801048
19920827 324191673
19920828 138635230
19920829 305479456
19920830 77492055
19920831 101935408
19920901 26510413
19920902 111965907
19920903 148794220
19920904 23949391
19920905 1763888
19920906 76145687
19920907 2325625
19920908 28680389
19920909 44297161
19920910 186805934
19920911 63457997
19920912 37572243
19920913 247568335
19920914 29375709
19920915 364004351
19920916 3995445
19920917 56796789
19920918 59060586
19920919 88348971
19920920 79461184
19920921 247499986
19920922 32184780
19920923 23649221
19920924 45033214
19920925 211828743
19920926 179963204
19920927 221304041
19920928 20982205
19920929 81136421
19920930 9798334
19921001 23376085
19921002 52669727
19921003 231659852
19921004 253677094
19921005 29632465
19921006 116150198
19921007 45927152
19921008 33839563
19921009 167374763
19921010 195714379
19921011 108384659
19921012 40038242
19921013 25381881
19921014 484419666
19921015 32430958
19921016 92865629
19921017 13520097
19921018 273539226
19921019 16989945
19921020 112128455
19921021 27135579
19921022 110271027
19921023 411258057
19921024 11718969
19921025 329287766
19921026 123098981
19921027 93453084
19921028 4314963
19921029 18505768
19921030 79023706
19921031 13824511
19921101 8286803
19921102 92927880
19921103 201464461
19921104 55715888
19921105 135908736
19921106 10089665
19921107 15386041
19921108 9459159
19921109 4241834
19921110 68775899
19921111 16147993
19921112 222822867
19921113 106847153
19921114 25250546
19921115 3566107
19921116 56818605
19921117 63129250
19921118 96294405
19921119 118567130
19921120 59802409
19921121 35663260
19921122 30874
19921123 31070795
19921124 70364141
19921125 42008621
19921126 41439261
19921127 175522283
19921128 50194838
19921129 271868977
19921130 3785024
19921201 18323576
19921202 103825546
19921203 284724650
19921204 187361477
19921205 39836445
19921206 30984124
19921207 205086561
19921208 22806703
19921209 30540505
19921210 238617550
19921211 17786163
19921212 242085498
19921213 33810046
19921214 116627902
19921215 56315322
19921216 42085043
19921217 60667332
19921218 661149
19921219 37225633
19921220 39874473
19921221 9545706
19921222 18625256
19921223 183373096
19921224 19018013
19921225 75947031
19921226 7807677
19921227 115945184
19921228 161355833
19921229 305938050
19921230 201725535
19921231 38481680
19930101 131311646
19930102 78809374
19930103 70177472
19930104 76292077
19930105 28092783
19930106 219639383
19930107 20651205
19930108 106504417
19930109 19125097
19930110 100235555
19930111 103944022
19930112 201000649
19930113 421461
19930114 46804664
19930115 28121520
19930116 67431040
19930117 20354183
19930118 60971619
19930119 105334658
19930120 160656768
19930121 114840494
19930122 33981633
19930123 73134500
19930124 74028025
19930125 341024819
19930126 199290664
19930127 50725059
19930128 150363938
19930129 283983610
19930130 3310923
19930131 218574774
19930201 12998858
19930202 13446834
19930203 103885584
19930204 2920055
19930205 195581878
19930206 159419083
19930207 1439916
19930208 12866559
19930209 44998925
19930210 31376846
19930211 56137721
19930212 56777699
19930213 51800557
19930214 52655578
19930215 53940258
19930216 227117274
19930217 32899009
19930218 29525607
19930219 170773050
19930220 311134083
19930221 6859416
19930222 151453420
19930223 11960842
19930224 400014031
19930225 29662512
19930226 39396279
19930227 262532176
19930228 89591999
19930301 5708393
19930302 79585594
19930303 1345816
19930304 555209808
19930305 133037900
19930306 59970985
19930307 37368285
19930308 179436433
19930309 31309934
19930310 73984546
19930311 46385911
19930312 9105918
19930313 25812990
19930314 14296420
19930315 81046208
19930316 218626307
19930317 247456981
19930318 201859660
19930319 158275594
19930320 15856556
19930321 81757951
19930322 72251540
19930323 259508487
19930324 72524716
19930325 220660809
19930326 14055174
19930327 114250699
19930328 25326609
19930329 159618591
19930330 59735842
19930331 195209653
19930401 15963675
19930402 101930914
19930403 83399961
19930404 1874798
19930405 104463461
19930406 241781502
19930407 195509935
19930408 71855435
19930409 73087591
19930410 45818200
19930411 75314567
19930412 28994870
19930413 166758594
19930414 123476335
19930415 27787685
19930416 120746222
19930417 102002640
19930418 18459831
19930419 143839260
19930420 84900880
19930421 205508189
19930422 13168066
19930423 169962990
19930424 37983206
19930425 102982865
19930426 125232942
19930427 86251395
19930428 300730646
19930429 38540112
19930430 52754028
19930501 38454196
19930502 31390798
19930503 76261382
19930504 74580846
19930505 15558825
19930506 22228117
19930507 96152384
19930508 162917356
19930509 36605
19930510 255779832
19930511 19692600
19930512 151850989
19930513 33552622
19930514 37333712
19930515 33272964
19930516 248086027
19930517 38895718
19930518 48288179
19930519 28466681
19930520 120352008
19930521 115173658
19930522 65683073
19930523 103822092
19930524 121905972
19930525 11255329
19930526 38278927
19930527 45138943
19930528 43702992
19930529 40250647
19930530 90587328
19930531 53263485
19930601 31918842
19930602 66338185
19930603 28937997
19930604 212135824
19930605 11334199
19930606 82241595
19930607 28320939
19930608 307928
19930609 119738695
19930610 880373
19930611 111796026
19930612 138367849
19930613 106744404
19930614 185923921
19930615 195436036
19930616 117148784
19930617 269590443
19930618 163693650
19930619 82998915
19930620 143333589
19930621 43765998
19930622 94056616
19930623 104280922
19930624 553187
19930625 67209196
19930626 2248236
19930627 132030698
19930628 39750074
19930629 105342310
19930630 10563267
19930701 63112820
19930702 26535358
19930703 98324160
19930704 26190467
19930705 137804491
19930706 459228174
19930707 1311483
19930708 143167084
19930709 27230129
19930710 61560061
19930711 834222
19930712 77763442
19930713 37188466
19930714 126094817
19930715 81049917
19930716 94566216
19930717 135059552
19930718 78625057
19930719 40349191
19930720 13843845
19930721 184251871
19930722 74655683
19930723 86100515
19930724 5304705
19930725 60607216
19930726 85418613
19930727 25458405
19930728 37659943
19930729 29930844
19930730 901729
19930731 46878458
19930801 65041187
19930802 79216956
19930803 37798872
19930804 57154451
19930805 97837197
19930806 268693320
19930807 9192640
19930808 162019331
19930809 24169740
19930810 40075252
19930811 139555602
19930812 5931165
19930813 19432855
19930814 37496196
19930815 113554398
19930816 45612277
19930817 49154915
19930818 7479246
19930819 2718544
19930820 127422654
19930821 28481230
19930822 7209487
19930823 92910912
19930824 81627704
19930825 79055364
19930826 201763390
19930827 42080092
19930828 6113388
19930829 109189566
19930830 85997746
19930831 61248059
19930901 151204877
19930902 302935663
19930903 69978989
19930904 166196450
19930905 121251983
19930906 33164521
19930907 140205234
19930908 70013229
19930909 31744909
19930910 86164849
19930911 54261640
19930912 316321197
19930913 447710591
19930914 14659709
19930915 1166086
19930916 4047998
19930917 75136281
19930918 103640211
19930919 2568597
19930920 48776805
19930921 104305153
19930922 256644709
19930923 54959074
19930924 346900084
19930925 103515939
19930926 34765998
19930927 50815228
19930928 1409875
19930929 130942832
19930930 27578661
19931001 40489907
19931002 42172392
19931003 104067366
19931004 114270861
19931005 16169029
19931006 1633086
19931007 35953754
19931008 39710521
19931009 28185380
19931010 18603748
19931011 31567187
19931012 131546549
19931013 96159911
19931014 362649418
19931015 187047826
19931016 123110695
19931017 70178746
19931018 61080339
19931019 61105161
19931020 34841580
19931021 73689846
19931022 24696133
19931023 12262171
19931024 12900588
19931025 18805245
19931026 15686441
19931027 254538773
19931028 287247254
19931029 77511155
19931030 14353010
19931031 121379668
19931101 124138729
19931102 40365377
19931103 10928279
19931104 30611614
19931105 11982660
19931106 87601444
19931107 11380040
19931108 149344065
19931109 96405325
19931110 50502587
19931111 8293611
19931112 121564903
19931113 252133946
19931114 147017342
19931115 4309632
19931116 10526398
19931117 747930
19931118 228690063
19931119 22176081
19931120 70564503
19931121 288728629
19931122 37980142
19931123 170164501
19931124 84766433
19931125 175509095
19931126 182247140
19931127 244693077
19931128 52688229
19931129 254837697
19931130 262844788
19931201 49482218
19931202 49062693
19931203 252203806
19931204 197762685
19931205 105868108
19931206 9066804
19931207 89463315
19931208 80237317
19931209 25894699
19931210 16635380
19931211 42164340
19931212 187516727
19931213 89414375
19931214 33653803
19931215 16785121
19931216 19461572
19931217 83804785
19931218 21091618
19931219 13806732
19931220 121315219
19931221 108645644
19931222 8001629
19931223 37466592
19931224 117920650
19931225 43743361
19931226 63669023
19931227 77674742
19931228 118107701
19931229 58797114
19931230 11387927
19931231 69862692
19940101 59355982
19940102 93476503
19940103 2750277
19940104 386797050
19940105 62330429
19940106 1099896
19940107 131145253
19940108 5991921
19940109 111215651
19940110 952885
19940111 14867845
19940112 4337535
19940113 116798275
19940114 45521774
19940115 41904009
19940116 104077802
19940117 56977808
19940118 32334081
19940119 120001726
19940120 4268363
19940121 78377096
19940122 4395154
19940123 7512745
19940124 20493391
19940125 4453374
19940126 96258583
19940127 190689800
19940128 99315970
19940129 73602268
19940130 105596284
19940131 42561048
19940201 499930644
19940202 126192324
19940203 94117688
19940204 44799196
19940205 82985105
19940206 173831036
19940207 75173688
19940208 2467826
19940209 15594159
19940210 78599395
19940211 20598724
19940212 11951222
19940213 77360138
19940214 143117579
19940215 197482062
19940216 46197025
19940217 130219943
19940218 100122087
19940219 69051356
19940220 88738937
19940221 97027309
19940222 62390784
19940223 101699796
19940224 38353673
19940225 226665268
19940226 45401304
19940227 400590655
19940228 24796701
19940301 206661441
19940302 24062538
19940303 227948665
19940304 35211012
19940305 162806129
19940306 184728250
19940307 481729970
19940308 33851874
19940309 157051730
19940310 68543365
19940311 26469274
19940312 317126986
19940313 109385858
19940314 542315654
19940315 52083700
19940316 9437865
19940317 149203161
19940318 23194378
19940319 137333192
19940320 3066845
19940321 47584522
19940322 46250180
19940323 19410425
19940324 251181647
19940325 31948266
19940326 1112971
19940327 134816527
19940328 184063239
19940329 120670008
19940330 5766230
19940331 25935936
19940401 31363324
19940402 12476641
19940403 180593
19940404 88145936
19940405 40054650
19940406 26661218
19940407 114576761
19940408 46631440
19940409 92341472
19940410 25075170
19940411 147310266
19940412 97839579
19940413 66616593
19940414 107790743
19940415 44703885
19940416 81110922
19940417 41385628
19940418 13451827
19940419 164540282
19940420 139574484
19940421 26198635
19940422 53801329
19940423 167062770
19940424 251000068
19940425 129516089
19940426 16547384
19940427 67709121
19940428 18285015
19940429 48604011
19940430 45073005
19940501 58175777
19940502 191921772
19940503 37840026
19940504 339418248
19940505 122535465
19940506 44103057
19940507 66646874
19940508 4000740
19940509 16006180
19940510 214758419
19940511 136333956
19940512 175959701
19940513 51713964
19940514 17694121
19940515 32178625
19940516 124349925
19940517 252287236
19940518 34418675
19940519 2854930
19940520 32798336
19940521 39000311
19940522 135197316
19940523 18631278
19940524 99921879
19940525 35298863
19940526 77037539
19940527 71899532
19940528 119837641
19940529 211008643
19940530 88392900
19940531 90176562
19940601 62423689
19940602 2625209
19940603 30922117
19940604 31705992
19940605 111355546
19940606 20673707
19940607 25078196
19940608 96182116
19940609 72267658
19940610 2203862
19940611 8939082
19940612 135339688
19940613 184368148
19940614 60011791
19940615 1721825
19940616 42148408
19940617 18590652
19940618 26495817
19940619 27395212
19940620 57297406
19940621 221373926
19940622 138314155
19940623 65463146
19940624 135868773
19940625 242773425
19940626 38217758
19940627 355044473
19940628 36235041
19940629 31376549
19940630 28609671
19940701 19453144
19940702 59281020
19940703 226905445
19940704 10645199
19940705 60500846
19940706 135922147
19940707 247888259
19940708 6587888
19940709 15054286
19940710 104309485
19940711 214382283
19940712 11022491
19940713 37006463
19940714 318395635
19940715 5103422
19940716 2737716
19940717 42619231
19940718 336741419
19940719 106052717
19940720 110751169
19940721 78807203
19940722 318603071
19940723 4873343
19940724 91015097
19940725 5669545
19940726 43536887
19940727 254169541
19940728 13681824
19940729 65890431
19940730 128973942
19940731 190354471
19940801 325649387
19940802 129329364
19940803 99806571
19940804 5227422
19940805 143908862
19940806 18069194
19940807 159857606
19940808 205647620
19940809 118723586
19940810 41469794
19940811 27418763
19940812 80488058
19940813 12368399
19940814 94709153
19940815 126333986
19940816 35869887
19940817 107873195
19940818 29496418
19940819 142757510
19940820 24880247
19940821 48515701
19940822 35195721
19940823 277444464
19940824 196048214
19940825 30962174
19940826 4174603
19940827 54998108
19940828 516525897
19940829 41300777
19940830 320535446
19940831 38590795
19940901 46538915
19940902 555428097
19940903 192871911
19940904 108082683
19940905 181992307
19940906 55232958
19940907 53297560
19940908 99872169
19940909 61530784
19940910 90180221
19940911 176794465
19940912 13673040
19940913 108540434
19940914 57921341
19940915 135692374
19940916 96341644
19940917 109427131
19940918 67477508
19940919 41755821
19940920 75082747
19940921 62463271
19940922 98262007
19940923 398772865
19940924 67488121
19940925 99496486
19940926 95844052
19940927 8625314
19940928 181545533
19940929 56691013
19940930 89042824
19941001 51466460
19941002 57300841
19941003 28595290
19941004 5865872
19941005 117477558
19941006 3090034
19941007 37701105
19941008 87967894
19941009 34334833
19941010 260279823
19941011 325524818
19941012 68506989
19941013 36689611
19941014 199673511
19941015 87606209
19941016 97711194
19941017 173824648
19941018 152683726
19941019 52335495
19941020 101558850
19941021 11249851
19941022 34918024
19941023 35698929
19941024 29481146
19941025 57222031
19941026 30416826
19941027 18402538
19941028 13900548
19941029 182919074
19941030 19387827
19941031 46061824
19941101 32717345
19941102 113068935
19941103 23998566
19941104 143395612
19941105 6297432
19941106 19568557
19941107 95859851
19941108 87688419
19941109 128055875
19941110 234580342
19941111 13029436
19941112 193964790
19941113 42494964
19941114 78137529
19941115 56485417
19941116 49630985
19941117 68912638
19941118 28076752
19941119 51073443
19941120 10790076
19941121 232263954
19941122 140109751
19941123 37660231
19941124 76327644
19941125 151594399
19941126 180348582
19941127 30047050
19941128 8514812
19941129 36568482
19941130 138093126
19941201 5047104
19941202 1145504
19941203 178612641
19941204 112677751
19941205 80635782
19941206 119122275
19941207 16360668
19941208 92414218
19941209 225981228
19941210 32312263
19941211 45441455
19941212 24259130
19941213 41049744
19941214 19614778
19941215 171286346
19941216 110519721
19941217 577028945
19941218 58530841
19941219 261515714
19941220 301539101
19941221 33857778
19941222 84955834
19941223 137446695
19941224 109793406
19941225 17154262
19941226 13600722
19941227 719932950
19941228 43853187
19941229 33636368
19941230 15346074
19941231 30286916
19950101 4103841
19950102 45853874
19950103 11466506
19950104 8761642
19950105 78534739
19950106 32292590
19950107 36395436
19950108 99697506
19950109 66359819
19950110 48227835
19950111 561160
19950112 111169774
19950113 172209915
19950114 222170854
19950115 298809710
19950116 46214033
19950117 9482561
19950118 355900023
19950119 216995035
19950120 15870863
19950121 312484405
19950122 45572661
19950123 294520425
19950124 57057637
19950125 183332528
19950126 370590800
19950127 261469648
19950128 48761551
19950129 72006555
19950130 29278337
19950131 124997829
19950201 271225200
19950202 103527561
19950203 14803655
19950204 178682701
19950205 74292213
19950206 13456988
19950207 41035188
19950208 7901233
19950209 241602686
19950210 45076279
19950211 59299445
19950212 106895335
19950213 204218196
19950214 126160869
19950215 22697498
19950216 19767679
19950217 22249445
19950218 5936071
19950219 185091699
19950220 95239691
19950221 394596
19950222 43456986
19950223 7207491
19950224 27679478
19950225 114827497
19950226 87478205
19950227 508619084
19950228 50314793
19950301 28219966
19950302 61732607
19950303 82158472
19950304 196588848
19950305 104236121
19950306 181902501
19950307 337979009
19950308 207880603
19950309 51968690
19950310 608600
19950311 114615756
19950312 36014666
19950313 276866332
19950314 106325867
19950315 328815988
19950316 92209742
19950317 72817110
19950318 223121391
19950319 318014741
19950320 234246194
19950321 46179395
19950322 42671272
19950323 182856381
19950324 17223173
19950325 52026726
19950326 11735226
19950327 218536661
19950328 19038639
19950329 54391214
19950330 12428699
19950331 61018549
19950401 187150483
19950402 134826768
19950403 18276178
19950404 32424012
19950405 92861424
19950406 94390200
19950407 36985688
19950408 168587239
19950409 93338378
19950410 305909969
19950411 5788849
19950412 322053277
19950413 37018502
19950414 3329513
19950415 238227800
19950416 47226493
19950417 82796603
19950418 8274642
19950419 39416440
19950420 98461394
19950421 10514551
19950422 297148269
19950423 415018875
19950424 205614595
19950425 17614159
19950426 19708005
19950427 76609243
19950428 247933367
19950429 16960061
19950430 39444939
19950501 109960681
19950502 11151608
19950503 7124342
19950504 86380262
19950505 88853682
19950506 10043399
19950507 41009624
19950508 86983556
19950509 398910167
19950510 2247838
19950511 58786596
19950512 94056115
19950513 119747354
19950514 36011803
19950515 149362519
19950516 103402833
19950517 148178034
19950518 23231906
19950519 204565393
19950520 29432859
19950521 118038736
19950522 273879246
19950523 140625888
19950524 111797132
19950525 17131695
19950526 10443763
19950527 111318119
19950528 50142763
19950529 115329832
19950530 7015393
19950531 809190
19950601 21472372
19950602 239325174
19950603 154168644
19950604 93648548
19950605 25793456
19950606 57464367
19950607 127830326
19950608 65105656
19950609 2397695
19950610 58574630
19950611 61954455
19950612 29031971
19950613 33747789
19950614 51472839
19950615 195806698
19950616 25228844
19950617 22621356
19950618 17025116
19950619 45497392
19950620 87762173
19950621 54016045
19950622 7239288
19950623 92609619
19950624 67661101
19950625 8805617
19950626 41818078
19950627 38318634
19950628 22442351
19950629 16467320
19950630 114585389
19950701 73967554
19950702 65586904
19950703 331624703
19950704 268779969
19950705 34949164
19950706 2767074
19950707 74265048
19950708 93246334
19950709 495058507
19950710 161999990
19950711 186998522
19950712 59659977
19950713 101104921
19950714 127776979
19950715 65408303
19950716 17012767
19950717 8201146
19950718 145089909
19950719 286842726
19950720 28882564
19950721 102227538
19950722 51390935
19950723 212641943
19950724 35962381
19950725 191562
19950726 45494073
19950727 31821644
19950728 13864
19950729 77598283
19950730 34205499
19950731 896139
19950801 210507324
19950802 112416887
19950803 131010084
19950804 38594410
19950805 121702142
19950806 41303239
19950807 9809331
19950808 32166566
19950809 150412613
19950810 23107149
19950811 45820241
19950812 114092712
19950813 110741925
19950814 122707620
19950815 45714464
19950816 27713538
19950817 198663977
19950818 240375075
19950819 162410621
19950820 110957592
19950821 85171507
19950822 181345530
19950823 155131116
19950824 70537715
19950825 25323130
19950826 69483813
19950827 59583074
19950828 19270836
19950829 21064209
19950830 57063808
19950831 121937754
19950901 77831925
19950902 44051856
19950903 4554452
19950904 76713683
19950905 14060607
19950906 36945782
19950907 62673607
19950908 66926278
19950909 372265548
19950910 58251597
19950911 387600989
19950912 19819140
19950913 20562345
19950914 7221769
19950915 25965791
19950916 64925510
19950917 277266
19950918 107991701
19950919 59947014
19950920 224978449
19950921 174882282
19950922 100486285
19950923 163532247
19950924 2457067
19950925 125917567
19950926 25775099
19950927 130549100
19950928 30921604
19950929 351102715
19950930 3488224
19951001 134234288
19951002 99646287
19951003 104501875
19951004 524855832
19951005 45203266
19951006 15152166
19951007 74352528
19951008 30581543
19951009 157687670
19951010 3306504
19951011 50044202
19951012 57310247
19951013 41992095
19951014 171087696
19951015 20960573
19951016 161681938
19951017 260043
19951018 107582405
19951019 305165198
19951020 31153217
19951021 163461552
19951022 1006536
19951023 42887269
19951024 150780474
19951025 17016333
19951026 173026241
19951027 90756277
19951028 145850978
19951029 221825996
19951030 152156307
19951031 102037304
19951101 297766409
19951102 3544383
19951103 106630639
19951104 32587038
19951105 34128024
19951106 20242804
19951107 155303951
19951108 149678609
19951109 5694161
19951110 65111477
19951111 269219105
19951112 176994479
19951113 5968932
19951114 15447124
19951115 152449723
19951116 10477575
19951117 5259840
19951118 27662510
19951119 83335196
19951120 16777252
19951121 29419665
19951122 825820129
19951123 116825629
19951124 61228188
19951125 338643458
19951126 207642131
19951127 404687719
19951128 56530817
19951129 100044408
19951130 48939684
19951201 4316086
19951202 108128706
19951203 12686529
19951204 52333716
19951205 62785768
19951206 74263417
19951207 24463413
19951208 37399128
19951209 352286434
19951210 5569459
19951211 17967702
19951212 74357252
19951213 154281412
19951214 20628061
19951215 2419141
19951216 36822348
19951217 13717495
19951218 64602956
19951219 22805755
19951220 127880480
19951221 76584373
19951222 65876736
19951223 124808221
19951224 146742093
19951225 55966166
19951226 108563704
19951227 87713973
19951228 3890820
19951229 97945788
19951230 94151905
19951231 70973962
19960101 372103739
19960102 42889960
19960103 186970097
19960104 16847599
19960105 39743275
19960106 246407989
19960107 372453165
19960108 22124236
19960109 37662345
19960110 178209286
19960111 53100700
19960112 132061566
19960113 48591460
19960114 434896661
19960115 376262521
19960116 33509328
19960117 262221176
19960118 76489773
19960119 150686837
19960120 3412501
19960121 5829988
19960122 7070581
19960123 52675969
19960124 189639456
19960125 52603559
19960126 24926547
19960127 5952175
19960128 138191021
19960129 38569385
19960130 88958167
19960131 32726988
19960201 25406321
19960202 530548
19960203 37509157
19960204 256648927
19960205 2411696
19960206 15763851
19960207 215696254
19960208 45963686
19960209 8074911
19960210 92401744
19960211 26144157
19960212 22866501
19960213 21842666
19960214 221599469
19960215 2429567
19960216 88895770
19960217 71619887
19960218 119137488
19960219 99353964
19960220 65698500
19960221 54516918
19960222 46905244
19960223 9649638
19960224 54283189
19960225 16335700
19960226 60452590
19960227 135441804
19960228 236678890
19960229 128846507
19960301 23955589
19960302 6269184
19960303 53322235
19960304 76266780
19960305 26253335
19960306 51043342
19960307 104295656
19960308 23457039
19960309 11014595
19960310 194180020
19960311 88871401
19960312 30776663
19960313 15332640
19960314 213151795
19960315 251338562
19960316 39429939
19960317 54265589
19960318 87082859
19960319 18320824
19960320 192846451
19960321 200123679
19960322 12739222
19960323 10854164
19960324 97729536
19960325 35481378
19960326 94868837
19960327 236636906
19960328 275429957
19960329 18853335
19960330 19582277
19960331 104774588
19960401 6645580
19960402 110018310
19960403 34151889
19960404 19791682
19960405 16151973
19960406 71664535
19960407 17702641
19960408 213561129
19960409 372871855
19960410 156696923
19960411 54036922
19960412 140446111
19960413 158250
19960414 143630991
19960415 33925271
19960416 149905279
19960417 190782209
19960418 2069844
19960419 65399208
19960420 79884510
19960421 57995563
19960422 26373949
19960423 9816376
19960424 68695836
19960425 105852377
19960426 39337233
19960427 9507836
19960428 15654512
19960429 15822642
19960430 237542104
19960501 107093313
19960502 219972967
19960503 79014338
19960504 204956307
19960505 11089742
19960506 124839470
19960507 291918495
19960508 37766714
19960509 24313623
19960510 152770738
19960511 18157808
19960512 55469942
19960513 7212190
19960514 272177048
19960515 14867371
19960516 138630879
19960517 956789
19960518 108208521
19960519 73209046
19960520 70928
19960521 35273197
19960522 93789130
19960523 25177908
19960524 62676248
19960525 49886846
19960526 75470145
19960527 1432187
19960528 54051132
19960529 58608679
19960530 200204991
19960531 49481415
19960601 58800064
19960602 29904546
19960603 188972240
19960604 78756298
19960605 26245386
19960606 69517767
19960607 76377319
19960608 104642258
19960609 77908882
19960610 26265169
19960611 116370712
19960612 115005270
19960613 491913533
19960614 18762348
19960615 55079068
19960616 57764791
19960617 182586531
19960618 16867419
19960619 71250741
19960620 15592734
19960621 18847787
19960622 290076575
19960623 209585427
19960624 101613249
19960625 30795267
19960626 311866356
19960627 4714478
19960628 47418792
19960629 32804324
19960630 89654887
19960701 106148263
19960702 235253386
19960703 60906655
19960704 70653714
19960705 65963742
19960706 26403865
19960707 67484676
19960708 122366665
19960709 109926606
19960710 129526511
19960711 307588991
19960712 13395978
19960713 46765911
19960714 64993365
19960715 151917563
19960716 46562125
19960717 132015096
19960718 96275998
19960719 36489178
19960720 149836066
19960721 126519839
19960722 287755301
19960723 98053454
19960724 247700389
19960725 6128772
19960726 135269079
19960727 225293214
19960728 100063870
19960729 238540207
19960730 170920170
19960731 15424966
19960801 63131571
19960802 38606722
19960803 79975722
19960804 26060133
19960805 168622973
19960806 248266884
19960807 59737500
19960808 44149537
19960809 15850494
19960810 481300315
19960811 67233185
19960812 53650757
19960813 13808561
19960814 62080390
19960815 156769050
19960816 264120879
19960817 39137128
19960818 85304335
19960819 8553407
19960820 79324965
19960821 19666372
19960822 30527707
19960823 65852896
19960824 105270664
19960825 170292850
19960826 137555005
19960827 135460497
19960828 25008185
19960829 9761760
19960830 139660714
19960831 95164745
19960901 203594179
19960902 47294786
19960903 15784309
19960904 160466439
19960905 64986718
19960906 19847293
19960907 210481535
19960908 22135567
19960909 88392954
19960910 186179538
19960911 54133288
19960912 18223107
19960913 6435016
19960914 36066982
19960915 147496513
19960916 55999310
19960917 56673621
19960918 81242041
19960919 65164601
19960920 4775758
19960921 102911926
19960922 23117542
19960923 149968041
19960924 83597124
19960925 148779299
19960926 49435890
19960927 610555
19960928 331451708
19960929 35615337
19960930 116632211
19961001 184033683
19961002 95028988
19961003 139020394
19961004 20505637
19961005 15476426
19961006 29464351
19961007 110653621
19961008 11597914
19961009 13916518
19961010 13885981
19961011 75181982
19961012 74190288
19961013 6718429
19961014 233557887
19961015 51542036
19961016 69323515
19961017 18601970
19961018 145704329
19961019 119975227
19961020 138638153
19961021 27037554
19961022 35871186
19961023 12949394
19961024 5609116
19961025 68516000
19961026 216765966
19961027 115832720
19961028 141318015
19961029 63192990
19961030 150511642
19961031 9808891
19961101 35536124
19961102 248934501
19961103 109561711
19961104 29099329
19961105 29914551
19961106 30041881
19961107 2621909
19961108 134000424
19961109 90739969
19961110 92861645
19961111 132185346
19961112 97182234
19961113 143957722
19961114 59141358
19961115 26791246
19961116 109140541
19961117 134343873
19961118 53036588
19961119 47413122
19961120 5522592
19961121 17594373
19961122 216137229
19961123 68971380
19961124 60997412
19961125 32542197
19961126 59696661
19961127 200933172
19961128 282353238
19961129 36018743
19961130 103498063
19961201 73376792
19961202 32977454
19961203 48278121
19961204 23738552
19961205 117972988
19961206 39551629
19961207 193389395
19961208 76812712
19961209 64198967
19961210 66824322
19961211 321555797
19961212 101838177
19961213 176455870
19961214 49712999
19961215 349085704
19961216 102912473
19961217 15501801
19961218 38272420
19961219 41538213
19961220 198610613
19961221 127322320
19961222 47983232
19961223 15498869
19961224 43845737
19961225 215853422
19961226 48488732
19961227 37873770
19961228 129435309
19961229 28109978
19961230 115806607
19961231 23822865
19970101 58123178
19970102 94842365
19970103 462884015
19970104 78088490
19970105 115992806
19970106 68117096
19970107 63852192
19970108 171654134
19970109 107176125
19970110 106887026
19970111 87224292
19970112 93079014
19970113 141022689
19970114 142510717
19970115 35532364
19970116 57072313
19970117 142633480
19970118 282053958
19970119 14929187
19970120 122227962
19970121 49027419
19970122 196383460
19970123 17556809
19970124 69578866
19970125 8752528
19970126 103473578
19970127 200319288
19970128 244727720
19970129 6946337
19970130 52275856
19970131 214483048
19970201 9250960
19970202 12562426
19970203 28934498
19970204 73273599
19970205 28563272
19970206 590919901
19970207 26328189
19970208 14851933
19970209 298228385
19970210 74798770
19970211 11626304
19970212 280455643
19970213 163270607
19970214 101194195
19970215 53741140
19970216 64921212
19970217 66563321
19970218 42892016
19970219 41561669
19970220 104353011
19970221 149546665
19970222 237875421
19970223 62238834
19970224 25709236
19970225 1662447
19970226 50407030
19970227 134116222
19970228 36519689
19970301 96594622
19970302 84521673
19970303 61461079
19970304 58155366
19970305 107905805
19970306 84201109
19970307 110728533
19970308 35265054
19970309 77339862
19970310 76244921
19970311 117343988
19970312 110122819
19970313 131603209
19970314 371923332
19970315 107950468
19970316 39049212
19970317 47307208
19970318 44078788
19970319 109568099
19970320 309594479
19970321 321232010
19970322 392476292
19970323 47230583
19970324 5401618
19970325 295577252
19970326 28813043
19970327 5605788
19970328 194133188
19970329 5121947
19970330 7798308
19970331 81815852
19970401 33767753
19970402 28762321
19970403 443989088
19970404 65583627
19970405 33698570
19970406 66694514
19970407 512102286
19970408 74228325
19970409 66453251
19970410 165473749
19970411 22455142
19970412 35136121
19970413 25957916
19970414 117508606
19970415 35032365
19970416 45469907
19970417 141592567
19970418 36701430
19970419 9495402
19970420 91438519
19970421 19513118
19970422 60978315
19970423 55985566
19970424 59132651
19970425 114582598
19970426 166042207
19970427 377464773
19970428 117458663
19970429 27730173
19970430 12888083
19970501 26299889
19970502 13390647
19970503 70848327
19970504 10025664
19970505 171480802
19970506 91892032
19970507 127662430
19970508 51977890
19970509 205341647
19970510 263346180
19970511 119878461
19970512 58764383
19970513 4446534
19970514 140375223
19970515 115226045
19970516 512635
19970517 40903329
19970518 123978341
19970519 29587673
19970520 35851777
19970521 55799842
19970522 151566230
19970523 3705781
19970524 26748758
19970525 29165573
19970526 94704601
19970527 32840020
19970528 260890449
19970529 73643442
19970530 20469995
19970531 51593513
19970601 144131586
19970602 137805045
19970603 121868364
19970604 147029554
19970605 100832229
19970606 255176045
19970607 27509621
19970608 228879397
19970609 223964344
19970610 97219545
19970611 13560977
19970612 145935028
19970613 6747540
19970614 16666017
19970615 380998394
19970616 15562015
19970617 22540153
19970618 16489880
19970619 50855281
19970620 19511053
19970621 80112293
19970622 57698105
19970623 168124990
19970624 77109113
19970625 33925732
19970626 101104803
19970627 17591590
19970628 123862588
19970629 130681367
19970630 130128708
19970701 14916507
19970702 251497745
19970703 48444636
19970704 42574611
19970705 107622521
19970706 6997800
19970707 69886591
19970708 275281476
19970709 106725223
19970710 74949668
19970711 188220794
19970712 77565743
19970713 45654262
19970714 85052523
19970715 150059866
19970716 45613167
19970717 9704863
19970718 14346853
19970719 24178755
19970720 213531377
19970721 19481960
19970722 168519831
19970723 23206719
19970724 195062242
19970725 173790345
19970726 108790124
19970727 46812586
19970728 22690749
19970729 25953810
19970730 501926896
19970731 5737713
19970801 71660973
19970802 19657829
19970803 14612001
19970804 299844933
19970805 51609066
19970806 33009044
19970807 54066313
19970808 90714876
19970809 70447846
19970810 57081856
19970811 9248662
19970812 29309179
19970813 25753255
19970814 68879961
19970815 9324318
19970816 23942655
19970817 170162561
19970818 18259646
19970819 4753180
19970820 142395923
19970821 354127915
19970822 107517643
19970823 126385371
19970824 15994483
19970825 13923633
19970826 35208539
19970827 144427629
19970828 54425480
19970829 103323174
19970830 81038970
19970831 484442370
19970901 34827127
19970902 75846213
19970903 32140401
19970904 13070570
19970905 70928777
19970906 47344653
19970907 135635062
19970908 203190858
19970909 28376397
19970910 25629860
19970911 360081923
19970912 53616245
19970913 136626834
19970914 6100531
19970915 118360856
19970916 113926318
19970917 108682905
19970918 20288115
19970919 74034131
19970920 167470460
19970921 2769681
19970922 14696392
19970923 93953048
19970924 159564635
19970925 177063329
19970926 113997310
19970927 192042991
19970928 36443930
19970929 1509125
19970930 222571742
19971001 153185180
19971002 182790904
19971003 141995959
19971004 27602131
19971005 19799586
19971006 158015162
19971007 111670226
19971008 70009946
19971009 2438382
19971010 208886977
19971011 93569270
19971012 64030064
19971013 136502303
19971014 21245853
19971015 45561304
19971016 155446680
19971017 169068379
19971018 16162526
19971019 779818
19971020 12510681
19971021 238303077
19971022 94996677
19971023 11558747
19971024 117629554
19971025 3024887
19971026 191146627
19971027 120100279
19971028 17451992
19971029 213928956
19971030 87542103
19971031 270949585
19971101 247604680
19971102 84918862
19971103 237181736
19971104 77867712
19971105 43991946
19971106 57938784
19971107 187780436
19971108 138973709
19971109 57809972
19971110 67842460
19971111 13619508
19971112 123390569
19971113 220773846
19971114 254482624
19971115 220231214
19971116 70193055
19971117 156217784
19971118 14340409
19971119 84654210
19971120 38119986
19971121 32925776
19971122 148042989
19971123 233201353
19971124 29896763
19971125 13853404
19971126 3993533
19971127 154157924
19971128 85659267
19971129 241293880
19971130 101453912
19971201 9907492
19971202 2027327
19971203 144033533
19971204 112870793
19971205 32329025
19971206 61369689
19971207 44301741
19971208 148836417
19971209 117797539
19971210 2774805
19971211 65085875
19971212 207836157
19971213 30888766
19971214 93761449
19971215 51220569
19971216 64228357
19971217 139926190
19971218 79269807
19971219 6273023
19971220 4675309
19971221 42877790
19971222 78710177
19971223 127245363
19971224 6413696
19971225 111753078
19971226 197123531
19971227 11189041
19971228 59197741
19971229 142582235
19971230 13332982
19971231 200633567
19980101 63180153
19980102 86693535
19980103 95937219
19980104 91651519
19980105 66750557
19980106 86923700
19980107 106010378
19980108 8662687
19980109 1873064
19980110 213045973
19980111 63796354
19980112 249390171
19980113 28236225
19980114 38183510
19980115 143931538
19980116 43719635
19980117 246070042
19980118 117307195
19980119 7394374
19980120 174462153
19980121 127947626
19980122 14518391
19980123 77670944
19980124 16925110
19980125 54970278
19980126 29361549
19980127 36936250
19980128 276096365
19980129 35158007
19980130 62320377
19980131 172301552
19980201 44289635
19980202 96444276
19980203 29916717
19980204 70880873
19980205 114458210
19980206 211230977
19980207 34369926
19980208 105734177
19980209 82916805
19980210 51463181
19980211 183287675
19980212 279932835
19980213 9267173
19980214 77618408
19980215 41826032
19980216 10795128
19980217 39713024
19980218 81273273
19980219 94753026
19980220 331352002
19980221 79207459
19980222 100178665
19980223 269270363
19980224 78746058
19980225 257519606
19980226 313294421
19980227 231565782
19980228 309181771
19980301 193601304
19980302 375706341
19980303 147630231
19980304 7599469
19980305 58141672
19980306 66635239
19980307 22376591
19980308 25340948
19980309 1123216
19980310 14645878
19980311 60904089
19980312 31920124
19980313 185792003
19980314 4732485
19980315 108406873
19980316 3209553
19980317 5167948
19980318 26953708
19980319 20183656
19980320 54353065
19980321 446366331
19980322 94723589
19980323 50732286
19980324 330203238
19980325 57506028
19980326 91268991
19980327 244302873
19980328 205307135
19980329 36134987
19980330 114038323
19980331 72306644
19980401 71341672
19980402 34546564
19980403 112291803
19980404 4123476
19980405 56446225
19980406 210315628
19980407 183146965
19980408 69227090
19980409 50464600
19980410 78616014
19980411 19465442
19980412 220060293
19980413 47217707
19980414 93265831
19980415 184134136
19980416 84259103
19980417 170359620
19980418 19889563
19980419 174716448
19980420 195799594
19980421 92664227
19980422 191737676
19980423 85219376
19980424 208020497
19980425 54751433
19980426 77289335
19980427 104817853
19980428 21981129
19980429 16505361
19980430 16101438
19980501 25480018
19980502 155240093
19980503 20858054
19980504 174936008
19980505 40475998
19980506 125932876
19980507 128895705
19980508 15512647
19980509 23258451
19980510 8849741
19980511 84752233
19980512 120616830
19980513 43287225
19980514 32261172
19980515 22502272
19980516 78694007
19980517 42401377
19980518 23121046
19980519 227773794
19980520 237679033
19980521 177399767
19980522 73870825
19980523 39937046
19980524 358553863
19980525 39175254
19980526 66290576
19980527 91594414
19980528 139959545
19980529 130860026
19980530 22804878
19980531 27790546
19980601 114551765
19980602 203034009
19980603 14458007
19980604 114160603
19980605 120862149
19980606 2629159
19980607 95239002
19980608 262232710
19980609 138057420
19980610 33141770
19980611 226836490
19980612 88635379
19980613 31981180
19980614 17076390
19980615 91748553
19980616 311690989
19980617 7744629
19980618 5612692
19980619 15316910
19980620 260185310
19980621 157441099
19980622 44022949
19980623 102246645
19980624 532432758
19980625 70331905
19980626 93651022
19980627 279894
19980628 119367676
19980629 101245273
19980630 183824440
19980701 14110948
19980702 21870189
19980703 463412316
19980704 129962292
19980705 164005219
19980706 7116592
19980707 33524889
19980708 67470411
19980709 58285176
19980710 19129235
19980711 105054328
19980712 71396301
19980713 153054707
19980714 58029609
19980715 27977700
19980716 6739019
19980717 55272441
19980718 319212678
19980719 256369140
19980720 21227228
19980721 170857512
19980722 143996852
19980723 70921015
19980724 56879018
19980725 26219073
19980726 14501868
19980727 12053103
19980728 146849054
19980729 122796161
19980730 143059234
19980731 186792778
19980801 72782892
19980802 183019131
19980803 45065028
19980804 104386081
19980805 11906480
19980806 86073380
19980807 79401087
19980808 227000765
19980809 359642517
19980810 12312419
19980811 4954634
19980812 121444163
19980813 98024691
19980814 54941675
19980815 75221129
19980816 162568925
19980817 50876816
19980818 251025003
19980819 345696682
19980820 370607267
19980821 234130233
19980822 25350379
19980823 52699357
19980824 9784432
19980825 19025322
19980826 137791315
19980827 20713914
19980828 136829575
19980829 171649978
19980830 94266259
19980831 9304641
19980901 68360279
19980902 154832099
19980903 156336903
19980904 43614418
19980905 14482489
19980906 19900388
19980907 114244264
19980908 216214773
19980909 84136456
19980910 395118
19980911 100169681
19980912 91516686
19980913 47556150
19980914 296655562
19980915 71259729
19980916 175642209
19980917 24720156
19980918 27596687
19980919 61578025
19980920 66936681
19980921 121060949
19980922 461766232
19980923 18404477
19980924 12890044
19980925 67485262
19980926 96249178
19980927 136729304
19980928 18133279
19980929 54998280
19980930 33048514
19981001 238391418
19981002 77634599
19981003 325162594
19981004 110727279
19981005 16759380
19981006 12719541
19981007 74495297
19981008 73738927
19981009 166111606
19981010 26467733
19981011 60486532
19981012 68334804
19981013 27880569
19981014 163302901
19981015 26228411
19981016 112813116
19981017 41459412
19981018 267408
19981019 57090890
19981020 137031089
19981021 39602647
19981022 46067233
19981023 34771991
19981024 80248103
19981025 92566957
19981026 5141202
19981027 43415777
19981028 81796377
19981029 3702888
19981030 337381151
19981031 14520777
19981101 142066072
19981102 38809045
19981103 49942201
19981104 291306975
19981105 26930489
19981106 13680134
19981107 54095463
19981108 70097508
19981109 6203877
19981110 191125596
19981111 158788549
19981112 199538220
19981113 37890040
19981114 257995127
19981115 3416122
19981116 233699951
19981117 28020198
19981118 70624249
19981119 42161252
19981120 104008809
19981121 44414116
19981122 30362399
19981123 27471021
19981124 130256454
19981125 37118398
19981126 223241861
19981127 280752888
19981128 43849847
19981129 5493959
19981130 402195105
19981201 23052566
19981202 253281496
19981203 60013896
19981204 186681174
19981205 60643316
19981206 100526636
19981207 5982173
19981208 34088749
19981209 23468474
19981210 42613629
19981211 158887967
19981212 64262359
19981213 19508132
19981214 61035832
19981215 54173851
19981216 6392664
19981217 99913224
19981218 31129152
19981219 41274345
19981220 46731457
19981221 62514894
19981222 105208093
19981223 11536772
19981224 133637482
19981225 112587761
19981226 235884877
19981227 42079223
19981228 35141476
19981229 291913185
19981230 9471395
19981231 56858054
19990101 175044975
19990102 119003187
19990103 9386705
19990104 93535478
19990105 90981739
19990106 40759849
19990107 152445736
19990108 19030481
19990109 218128492
19990110 57926023
19990111 38001935
19990112 4041534
19990113 158558785
19990114 71167364
19990115 56852733
19990116 87370910
19990117 44515280
19990118 81593726
19990119 10801746
19990120 204774082
19990121 18615999
19990122 119750427
19990123 81554444
19990124 190485413
19990125 71935875
19990126 65368884
19990127 442475710
19990128 187667663
19990129 165543086
19990130 29923031
19990131 942364
19990201 190911008
19990202 59783254
19990203 2366895
19990204 91245796
19990205 56179260
19990206 12284627
19990207 304620542
19990208 38249906
19990209 143116690
19990210 132677085
19990211 364403534
19990212 83145581
19990213 93090519
19990214 12946111
19990215 52174630
19990216 56825434
19990217 134882639
19990218 428142078
19990219 135484123
19990220 724005
19990221 3549453
19990222 30477178
19990223 128284136
19990224 215996057
19990225 10473689
19990226 160687847
19990227 25796571
19990228 223005324
19990301 17070662
19990302 54898097
19990303 34126938
19990304 16542725
19990305 216076196
19990306 1507970
19990307 43281038
19990308 60606792
19990309 142130551
19990310 14986011
19990311 29137976
19990312 55407311
19990313 58376987
19990314 224224297
19990315 180496316
19990316 140554010
19990317 74623392
19990318 427497996
19990319 17310092
19990320 9358161
19990321 141558322
19990322 226577142
19990323 5252259
19990324 229662272
19990325 18325625
19990326 63319940
19990327 60460539
19990328 126043051
19990329 219846836
19990330 236646855
19990331 19916832
19990401 66314105
19990402 14107479
19990403 10913733
19990404 413654296
19990405 95340559
19990406 37733520
19990407 112689785
19990408 162623444
19990409 8375195
19990410 96740315
19990411 81285787
19990412 127132224
19990413 69895956
19990414 143619245
19990415 21454576
19990416 12049867
19990417 46676992
19990418 53687597
19990419 12990937
19990420 391483974
19990421 78528483
19990422 164174258
19990423 31114444
19990424 524088231
19990425 65419294
19990426 18572316
19990427 14147612
19990428 35206612
19990429 4719703
19990430 889471
19990501 131866765
19990502 54609589
19990503 66579520
19990504 6517386
19990505 29516833
19990506 132744244
19990507 132593003
19990508 33386000
19990509 112324863
19990510 64330403
19990511 247156250
19990512 134996730
19990513 15388342
19990514 193312567
19990515 123478915
19990516 155689423
19990517 85832840
19990518 47574860
19990519 29652388
19990520 67486653
19990521 4786380
19990522 5402210
19990523 4598722
19990524 13148148
19990525 132895126
19990526 22604861
19990527 127217258
19990528 66209495
19990529 3799110
19990530 105010619
19990531 53952134
19990601 11364312
19990602 42954179
19990603 171024221
19990604 5077813
19990605 215950182
19990606 382446887
19990607 32998460
19990608 12297135
19990609 162512331
19990610 61655235
19990611 25599641
19990612 411838161
19990613 156016480
19990614 34897328
19990615 165006721
19990616 25182390
19990617 47303597
19990618 145686455
19990619 72261109
19990620 192775457
19990621 198941952
19990622 3823943
19990623 89298895
19990624 81309679
19990625 6333722
19990626 14521324
19990627 52816165
19990628 112570357
19990629 131403425
19990630 540465636
19990701 104664973
19990702 129167594
19990703 7191285
19990704 34884668
19990705 57375208
19990706 250290889
19990707 1048505
19990708 94609369
19990709 99981897
19990710 15754573
19990711 16831026
19990712 70248872
19990713 41136103
19990714 48902871
19990715 151393915
19990716 19842560
19990717 82164186
19990718 60213208
19990719 80361045
19990720 108657836
19990721 415233148
19990722 82721378
19990723 1262745
19990724 59311983
19990725 61641415
19990726 101433234
19990727 10105500
19990728 73930805
19990729 80648910
19990730 23058345
19990731 15730550
19990801 43875673
19990802 50118513
19990803 3689955
19990804 68557274
19990805 59431876
19990806 54145187
19990807 41813890
19990808 80598788
19990809 10082915
19990810 37528495
19990811 102219975
19990812 28375495
19990813 72372443
19990814 25583
19990815 92080946
19990816 45063275
19990817 111713850
19990818 120861686
19990819 24905499
19990820 103141656
19990821 5733260
19990822 160776962
19990823 68962239
19990824 58943536
19990825 48085959
19990826 287870435
19990827 6864382
19990828 5136517
19990829 220825675
19990830 342306950
19990831 86958706
19990901 161733213
19990902 12591130
19990903 52427103
19990904 18181570
19990905 209639955
19990906 111745281
19990907 60569782
19990908 651065
19990909 73632177
19990910 52538474
19990911 69895419
19990912 30754259
19990913 71546408
19990914 94642311
19990915 155282444
19990916 26539516
19990917 189633293
19990918 3833796
19990919 21912047
19990920 99173118
19990921 48798583
19990922 69734692
19990923 521345679
19990924 8425877
19990925 108120003
19990926 95494992
19990927 39499517
19990928 28665945
19990929 63066055
19990930 26884546
19991001 118502772
19991002 182880755
19991003 74023005
19991004 71860463
19991005 57195475
19991006 136838561
19991007 22983223
19991008 63143284
19991009 168481513
19991010 92315109
19991011 4084193
19991012 2409772
19991013 94407551
19991014 547707525
19991015 47850100
19991016 20396309
19991017 17741320
19991018 266915341
19991019 98935251
19991020 29970864
19991021 208080341
19991022 19020435
19991023 89950463
19991024 86049269
19991025 125798355
19991026 58235014
19991027 257349133
19991028 93024890
19991029 116649331
19991030 136490478
19991031 196495984
19991101 53680590
19991102 29540088
19991103 35032239
19991104 172633691
19991105 44415766
19991106 80202271
19991107 70492733
19991108 57877150
19991109 184914197
19991110 72282846
19991111 20371702
19991112 33851228
19991113 91691561
19991114 60778619
19991115 134884431
19991116 38863652
19991117 184257806
19991118 144085128
19991119 90034279
19991120 538526517
19991121 187799007
19991122 32785658
19991123 21586049
19991124 195459132
19991125 50580371
19991126 151672942
19991127 336905433
19991128 172308779
19991129 97137602
19991130 146818930
19991201 12747620
19991202 730880
19991203 6982952
19991204 35988197
19991205 30880954
19991206 3141606
19991207 21775169
19991208 94723831
19991209 53012749
19991210 129587867
19991211 225599993
19991212 6440273
19991213 81026386
19991214 31304591
19991215 52998256
19991216 128487415
19991217 25622982
19991218 26536090
19991219 14686621
19991220 29214429
19991221 51122551
19991222 5774181
19991223 31519996
19991224 369205152
19991225 123958991
19991226 8916041
19991227 16488188
19991228 199940345
19991229 161507683
19991230 84165289
19991231 41979156
20000101 59860658
20000102 160111802
20000103 53175131
20000104 197480796
20000105 81935468
20000106 44270116
20000107 45432059
20000108 13450115
20000109 26614616
20000110 104461631
20000111 84168975
20000112 77409392
20000113 96278505
20000114 2438434
20000115 38007067
20000116 31906407
20000117 35088450
20000118 152817204
20000119 14632980
20000120 171840463
20000121 50100404
20000122 50513915
20000123 220844856
20000124 58893322
20000125 133335774
20000126 10613520
20000127 11352376
20000128 21945927
20000129 24446057
20000130 23916930
20000131 145402696
20000201 248931205
20000202 80525134
20000203 42810602
20000204 4126408
20000205 11244357
20000206 57287335
20000207 68825064
20000208 179801089
20000209 487668076
20000210 175608958
20000211 48027461
20000212 54608086
20000213 53968650
20000214 24781095
20000215 26521751
20000216 127180751
20000217 19000402
20000218 18582554
20000219 32035278
20000220 198561665
20000221 146191643
20000222 138976655
20000223 169473444
20000224 38762192
20000225 85388010
20000226 39929141
20000227 17200325
20000228 233934304
20000229 56508480
20000301 154845895
20000302 8742052
20000303 133393234
20000304 111420556
20000305 44828170
20000306 3284962
20000307 402100655
20000308 114632027
20000309 172112136
20000310 144150491
20000311 132298787
20000312 72125644
20000313 905726
20000314 121819755
20000315 50824627
20000316 28580720
20000317 123248442
20000318 86687789
20000319 19920955
20000320 24316062
20000321 40752584
20000322 108968193
20000323 155373842
20000324 14232471
20000325 4231928
20000326 341973798
20000327 33645166
20000328 74756032
20000329 134861256
20000330 162312429
20000331 12679190
20000401 57675928
20000402 23571167
20000403 403891512
20000404 10894210
20000405 39339540
20000406 171638917
20000407 22850618
20000408 162516010
20000409 259418837
20000410 3236560
20000411 66236270
20000412 133028060
20000413 19225390
20000414 57297851
20000415 140912774
20000416 50373190
20000417 56120569
20000418 27126748
20000419 8240809
20000420 25589619
20000421 155720603
20000422 195028630
20000423 37803310
20000424 164140256
20000425 21444130
20000426 233949411
20000427 2810061
20000428 8650320
20000429 261189290
20000430 86523151
20000501 36913496
20000502 34892265
20000503 117027581
20000504 89114058
20000505 86125183
20000506 87432853
20000507 41070736
20000508 46358560
20000509 14197035
20000510 182771025
20000511 9047219
20000512 8741736
20000513 54035354
20000514 698269
20000515 16522519
20000516 15673322
20000517 29266536
20000518 1578801
20000519 44823437
20000520 41877630
20000521 193739446
20000522 34900614
20000523 123595607
20000524 13744625
20000525 155959691
20000526 92198227
20000527 33209289
20000528 10509355
20000529 173248220
20000530 64651843
20000531 152714889
20000601 110904803
20000602 129735274
20000603 29018187
20000604 27433362
20000605 70517171
20000606 467198
20000607 40451368
20000608 82307987
20000609 36298339
20000610 44705384
20000611 168558751
20000612 133687391
20000613 76670474
20000614 80094756
20000615 243911167
20000616 98841335
20000617 77625139
20000618 319208288
20000619 57847646
20000620 5253768
20000621 67050430
20000622 164126218
20000623 38618072
20000624 87503864
20000625 1542790
20000626 287520237
20000627 69567233
20000628 30137562
20000629 118948820
20000630 80617198
20000701 25471895
20000702 22686160
20000703 38775692
20000704 207020118
20000705 35308281
20000706 1257902
20000707 99492197
20000708 125891244
20000709 29501845
20000710 81392753
20000711 373883697
20000712 215096334
20000713 88026832
20000714 105868728
20000715 23725230
20000716 59842077
20000717 50313594
20000718 125021676
20000719 39626855
20000720 71221317
20000721 35518150
20000722 54576767
20000723 135765593
20000724 3538163
20000725 14177087
20000726 34707776
20000727 26644950
20000728 148286636
20000729 78756480
20000730 7677748
20000731 35383687
20000801 4519687
20000802 5302879
20000803 91493398
20000804 111216183
20000805 2373082
20000806 67542861
20000807 11558914
20000808 45387151
20000809 22727536
20000810 112750054
20000811 31853455
20000812 308799111
20000813 24776309
20000814 219777918
20000815 74893840
20000816 20441295
20000817 10447323
20000818 146380328
20000819 10362552
20000820 12241254
20000821 102973700
20000822 26089721
20000823 20870458
20000824 241148554
20000825 33663870
20000826 73228299
20000827 36885483
20000828 141153199
20000829 117755374
20000830 192304978
20000831 146605628
20000901 48132411
20000902 178178651
20000903 295984974
20000904 92356328
20000905 117463295
20000906 138394351
20000907 41466826
20000908 113466104
20000909 70659547
20000910 177935924
20000911 58152373
20000912 327240408
20000913 40285362
20000914 27193420
20000915 48906680
20000916 138197037
20000917 2896232
20000918 26571003
20000919 20884524
20000920 45503326
20000921 24432460
20000922 254523
20000923 51963109
20000924 105032169
20000925 23377567
20000926 4622044
20000927 143282989
20000928 107485718
20000929 31136454
20000930 96404828
20001001 122109741
20001002 242998121
20001003 31891834
20001004 49910661
20001005 2044006
20001006 106853801
20001007 83488798
20001008 143254938
20001009 129940263
20001010 9201824
20001011 168840348
20001012 151851
20001013 208161140
20001014 113557860
20001015 100446859
20001016 75441941
20001017 7289314
20001018 9915447
20001019 140521077
20001020 412544062
20001021 75682391
20001022 24993309
20001023 172735448
20001024 24760085
20001025 94356039
20001026 6213049
20001027 22327671
20001028 78287658
20001029 138008066
20001030 238312687
20001031 110114133
20001101 347209941
20001102 10945850
20001103 240561375
20001104 27025061
20001105 17477098
20001106 28727025
20001107 223754424
20001108 85784944
20001109 11015169
20001110 42500150
20001111 60478857
20001112 70035626
20001113 300455564
20001114 197803690
20001115 22733402
20001116 131024159
20001117 10711537
20001118 5749902
20001119 61352488
20001120 39642235
20001121 297574269
20001122 170999412
20001123 62072661
20001124 65925192
20001125 209298880
20001126 259001478
20001127 191002693
20001128 49500257
20001129 77801254
20001130 68514379
20001201 104172458
20001202 33909377
20001203 123466660
20001204 42589949
20001205 43357497
20001206 195895789
20001207 162796468
20001208 220041391
20001209 133497600
20001210 22647177
20001211 233984655
20001212 51424254
20001213 17259719
20001214 67957323
20001215 85899498
20001216 39850437
20001217 202791844
20001218 58259744
20001219 132180770
20001220 233267932
20001221 104798124
20001222 20477443
20001223 109332789
20001224 175460703
20001225 49113099
20001226 47077580
20001227 47570991
20001228 35920025
20001229 215845750
20001230 213323735
20001231 493036760
